text,start,duration
"Did you know that gas, diarrhea and stomach pain 
is the most common side effect of Metformin? It s  ",0.32,4.96
"the absolute most common reason that my patients 
end up dumping this medication in the garbage,  ",5.28,4.56
"but it doesn t have to be that way for most. 
Just by taking a few steps like when you take it,  ",9.84,4.88
"what you take it with and even what 
type of metformin you have can can  ",14.72,3.52
"make a big difference in being able 
to take this important medication.
  ",18.24,2.88
"Hi, I m Dr. Erik Richardson a board certified 
Family Practice physician. I d like to welcome  ",28.64,4.48
"you to FamilyMed, a channel that focuses 
giving you practical and accurate medical  ",33.12,3.84
"information to help you and your family. In today 
s video we are going to go over 4 simple steps  ",36.96,4.96
"that can help you tolerate taking this important 
medication. If you are looking for a more in-depth  ",41.92,4.48
"discussion of metformin you can check out 
my other video on metformin right here.  
  ",46.4,3.52
"Abdominal pain, gas, diarrhea and bloating 
are still the most common effect that we see  ",50.48,4.16
"with this medication. But there are 4 things 
that you can do to decrease this chance.  
  ",54.64,4.08
"First is take it with food, Metformin 
can have a possibility of affecting the  ",63.28,4.32
"stomach and gut lining and taking it on 
an empty stomach can increase that risk.  ",67.6,4.48
"It s a medication that is 
usually given once or twice a day  ",72.08,3.36
"so taking it with meals has been shown to improve 
your chances of avoiding those side effects.  ",75.44,4.4
"This is especially true while just starting on 
it. As your body gets used to it, it doesn t seem  ",80.4,4.64
"to be as important but if you at least start out 
taking it with food you will likely do better. 
  ",85.04,5.28
"Second is ask your doctor if the extended release 
tablets would be appropriate for you. It comes in  ",94.88,5.44
"both an immediate release and an extended 
release version. The good news is the 500mg  ",100.32,5.12
"tablets are generic and cheap so it can be a 
great option. WE tend to see that those who take  ",106.0,4.8
"the extended release version, tend to do better 
in avoiding the significant stomach symptoms.  ",110.8,4.48
"Just a word of warning though, don t ask for the 
1000mg Extended release metformin because they are  ",115.92,5.36
"super expensive. The 500mg you can get for around 
5-10 dollars a month while the 1000mg dose is  ",121.28,6.24
"upwards of a $1000 a month. It s totally insane, 
and I don t get it, so just be warned.    
  ",127.52,4.64
"The third is to start the dose 
low and slowly increase it.  ",136.48,3.68
"The most common effective dose for 
many patients is 1000mg twice a day.  ",140.16,4.0
"If you need to be up at the higher doses to get 
your sugars under control then start at a lower  ",144.88,4.4
"dose like 500mg take that for several days up to 
a week or more before increasing to the next dose.  ",149.28,5.6
"Keep doing that week by week until you get to 
the full dose. If you start right away at the  ",155.68,4.72
"high dose you are more likely to spend your day 
in the bathroom than doing the things that you  ",160.4,4.0
"want to do. Remember, start low and increase it 
slowly. Of course, always talk to your doctor  ",164.4,5.76
"and pharmacist about how they recommend you take 
it, but ask them about this and see how you do.  
  ",170.16,4.4
"The 4th step is watch your diet. One of the ways 
that metformin works is by decreasing how much  ",178.64,4.96
"sugar is absorbed through your intestines. That 
s a good thing in trying to keep your sugars down  ",183.6,4.32
"but can make a real mess when it comes to your 
bowels. One of the things that helps us digest  ",187.92,4.16
"is the bacteria that resides in our intestines. 
All that extra sugar for the bacteria is like a  ",192.08,4.64
"group of kids in a play gym after Halloween. 
It s not a pretty sight. The bacteria start  ",196.72,4.96
"to ferment the sugars and create gas and all 
the other fun things that come with it. So,  ",201.68,4.24
"avoiding foods that have sugar or a lot of refined 
carbohydrates can make a huge difference in being  ",205.92,5.84
"able to tolerate the medication. Now if that diet 
sounds familiar, it s how you should be eating  ",211.76,4.8
"as a diabetic anyway, so get to eating right and 
see how much it helps.
Metformin is an important  ",216.56,5.36
"medication that works well to treat diabetes 
when diet and exercise are not enough but the  ",221.92,5.04
"fact of the matter is that not everybody is going 
to tolerate it. These steps will give you the best  ",226.96,4.08
"chance of being able to do well with it but even 
then sometimes it s not going to work. If you find  ",231.04,5.44
"yourself in this position, make sure you talk with 
your doctor as Metformin just may not be for you.  ",236.48,4.48
"There are other options out there but you still 
need to remember that nothing is going to take  ",241.68,3.68
"place of changing your lifestyle. If you are 
looking for non-medication ways that you should  ",245.36,4.88
"be working on to control your diabetes then click 
here where we go over this in a bit more detail.
  ",250.24,5.04
"I really appreciate you watching today, I hope 
that you found this to be helpful. If you did,  ",255.28,3.76
"make sure to give this video a like and share it 
with your friends. It helps our channel to grow  ",259.04,4.24
"and reach others that may need this in their life. 
And don t leave without subscribing and hitting  ",263.28,4.4
"that notification button so you don t miss out on 
any of our future content.  
We appreciate you  ",267.68,5.2
"watching and will see you in the next video. 
 
In this video we are going to be going over the  ",272.88,7.746
"medication Metformin. Keep watching because we 
are going to teach you about why you take it,  ",280.626,0.093
"what are the most common side effects, will give 
you some tips on how to avoid those side effects  ",280.719,0.098
"as well as warn you about some of the things you 
need to be careful with while taking it.
Welcome  ",280.817,0.098
"to Family Med, I'm Dr. Richardson and this is 
your home for practical and accurate information  ",280.915,0.095
"to help your family make healthy decisions. This 
is the channel that focuses on bringing better  ",281.01,0.096
"health to your home. If this sounds like the 
kind of information that would be helpful to  ",281.106,0.09
"you make sure you hit that subscribe button and 
follow along with us.
On today s episode we are  ",281.196,0.096
"going to be talking about one of the most common 
medications that we use to treat diabetes called  ",281.292,0.098
"metformin. This is a medication that has been 
available in the United States since 1995. It  ",281.39,0.092
"s main use is to help control blood sugars in 
diabetes but it is also used in conditions such  ",281.482,0.094
"as polycystic ovarian syndrome and some use it 
to help with weight loss.  
Metformin belongs  ",281.576,0.093
"to the class of medications called Biguanides. It 
works a little different than any other diabetic  ",281.669,0.099
"medications. There are several different effects 
it has on the body that help control blood sugar.  ",281.768,0.099
"The first is that it works on decreasing how 
much sugar your liver releases into the blood.  ",281.867,0.092
"Now Maybe you didn t know this but the liver 
is actually one of the biggest storage organs  ",281.959,0.091
"for sugar in the body. When you need a boost of 
energy the liver releases glucose to give you  ",282.05,0.094
"that little extra boost that you need. Normally 
this works well. In diabetes though, it can be  ",282.144,0.095
"a problem. You don t want to have that extra sugar 
released, so metformin helps slow that down. Also,  ",282.239,0.102
"it Decreases how much sugar is absorbed from the 
intestines and helps to work on improving your  ",282.341,0.096
"bodies sensitivity to insulin. That s one of the 
big problems in conditions like diabetes or PCOS.  ",282.437,0.099
"In these conditions, your body is resistant to the 
hormone that helps bring the sugar from the blood  ",282.536,0.101
"into the cells in order to be utilized. So that 
s why metformin is such a great choice for most  ",282.637,0.096
"people with these conditions. It does a great 
job in trying to decrease that resistence and  ",282.733,0.092
"counteract the effects that this causes.  
So at 
this point you may have asked why you should even  ",282.825,0.099
"care that your blood sugars are elevated? This is 
a great question and unfortunately one that I have  ",282.924,0.101
"to talk about a lot. Diabetes is extremely common 
and getting more and more so as time goes on.  ",283.025,0.096
"Untreated diabetes has some awful complications 
that can happen including dramatically increasing  ",283.121,0.098
"your risk for heart attacks and strokes. It can 
affect your eyes putting you at risk for going  ",283.219,0.095
"blind, it can affect your kidneys causing them to 
fail as well as affect your nerves and circulation  ",283.314,0.101
"in your legs and feet especially causing damage to 
the nerves. This is a big deal because it makes it  ",283.415,0.102
"easier to get injured and then it doesn t heal 
well putting you at risk for infections even  ",283.517,0.092
"leading sometimes to amputations. So, diabetes is 
not a good thing and not treating it is obviously  ",283.609,0.1
"not a good thing. So if you are taking this 
for diabetes that s the reason you need to be  ",283.709,0.09
"motivated to control and treat this as best as you 
can.
Now, certainly medication is not the only way  ",283.799,0.102
"you should treat diabetes. Diet and lifestyle 
changes are the absolutely most essential thing  ",283.901,0.094
"to be working on to control this and keep it from 
getting worse. But unfortunately for many, diet  ",283.995,0.098
"and lifestyle changes are not enough or we can t 
make them fast enough in order to get your sugars  ",284.093,0.099
"under control. That s likely why your doctor 
is recommending that you take the metformin.  ",284.192,0.09
"So what should you expect from this medication?
 
Well, first of all it comes in both a tablet and  ",284.282,0.097
"liquid form. Tablets come in either an immediate 
release or an extended release version of 500,  ",284.379,0.096
"850 or 1000mg. Depending on which formulation 
you have you can take it either once or twice  ",284.475,0.092
"a day. An important thing to remember about this 
medication specifically, and diabetes medications  ",284.567,0.099
"in general, is that it only works while you are 
taking it. I have people come in all the time  ",284.666,0.094
"with their blood sugars high after we originally 
had it controlled telling me that they stopped  ",284.76,0.096
"the medicine because we fixed it. Unfortunately, 
this isn t the way it works. Unless you have some  ",284.856,0.099
"underlying lifestyle issues that are causing your 
blood sugars to be high and you fix those, you  ",284.955,0.097
"need to stay on these medications. Don t stop them 
unless you discuss it with your doctor. 
Metformin  ",285.052,0.102
"is typically the first medication that we start 
people on when they are diagnosed with diabetes.  ",285.154,0.097
"Overall for most people its tolerated quite well 
but there are some issues that people can have  ",285.251,0.096
"with taking the medication that we need to talk 
about.
The most common side effects that we tend  ",285.347,0.097
"to see with metformin are some sort of stomach 
type symptoms. This can be nausea, bloating, gas,  ",285.444,0.097
"diarrhea or all of the above. This can be anywhere 
from mild to more severe symptoms. There are ways  ",285.541,0.101
"that we try to avoid this though so don t despair. 
If you are patient as you start this medication,  ",285.642,0.1
"we can usually get you to the appropriate dose 
without having to live with the side effects.  ",285.742,0.093
"One of the tricks that we use is starting the 
medication at a low dose and increasing it slowly.  ",285.835,0.097
"For example we will start somebody at 500mg 
once a day and then increase their dose every  ",285.932,0.09
"few days to a week until they are the goal dose. 
This usually does the trick. Taking the higher  ",286.022,0.096
"doses too quickly is usually the reason people 
start to have side effects. We have also noticed  ",286.118,0.096
"that taking it with meals or in the evening at 
first can also make a difference. And finally,  ",286.214,0.094
"I ve found that for a lot of people, putting them 
on the extended release version tends to help them  ",286.308,0.101
"avoid these side effects. 
The other thing that 
you can do to minimize these side effects is be  ",286.409,0.096
"more careful with your diet. If you remember, one 
of the ways this medication works, is by blocking  ",286.505,0.1
"how much sugar is absorbed from the gut. When 
less sugar is absorbed, more stays in the gut  ",286.605,0.092
"and the bacteria in your gut start to digest 
that sugar causing it to ferment. Well, that  ",286.697,0.09
"causes gas and all the other pleasant side effects 
that come with it. So, as a diabetic, you need to  ",286.787,0.101
"be watching your sugar or carb intake anyway 
so this can add a little more motivation to do  ",286.888,0.092
"so.  
Unfortunately some people just aren t able 
to tolerate it and we have to reach for something  ",286.98,0.099
"else to treat. But for the majority, if we just 
increase the dose slow and watch our diet better,  ",287.079,0.098
"we can avoid this main side effect.
So besides the 
nausea, gas and diarrhea, other side effects that  ",287.177,0.101
"we can see are some decreased appetite, feeling of 
weakness, headaches, sometimes a metallic taste in  ",287.278,0.102
"the mouth and a rash. These last side effects I 
don t see as much. Usually if somebody doesn t  ",287.38,0.095
"want to take the medication its because of the 
stomach symptoms.  
 There are more some more  ",287.475,0.093
"serious albeit rare reactions that you should be 
aware of and watch for. The most concerning of  ",287.568,0.096
"which is a condition called Lactic Acidosis. This 
is when the pH or acid level drops in your blood  ",287.664,0.099
"and can make you very sick and even be fatal. This 
is very uncommon but can happen when your kidney  ",287.763,0.1
"s are not functioning well. We watch for this in 
those who have chronic kidney disease, in those  ",287.863,0.097
"who are really sick and dehydrated as well as some 
people undergoing certain medical procedures where  ",287.96,0.102
"they are giving IV contrast. Your doctor should be 
keeping an eye on your kidney function overtime so  ",288.062,0.102
"its not something that we see much. I will also 
recommend to my patients that if they are sick  ",288.164,0.095
"and vomiting and not taking in fluids that they 
avoid taking their metformin during these times.  ",288.259,0.097
"It would be a good conversation to have with your 
doctor to see how they would want you to handle  ",288.356,0.098
"it.  
One other thing that you should keep an 
eye on. More recently we ve seen that metformin  ",288.454,0.094
"can possibly affect your Vitamin B12 absorption, 
which if unrecognized might contribute to certain  ",288.548,0.099
"anemias or something well call neuropathy-this 
is where the nerves are damaged and can cause  ",288.647,0.093
"some chronic pain issues. This can easily be 
checked in your routine blood work. 
Overall  ",288.74,0.09
"this is a great medication to treat diabetes. In 
fact we consider it the foundational medicine in  ",288.83,0.098
"the treatment of this condition because of how 
it works and how it helps everything else you  ",288.928,0.093
"do to treat diabetes work better. It s a great 
medicine that just works and best of all it is  ",289.021,0.094
"cheap. You can get a 30 day supply of the 500mg 
extended release metformin for $4. 
If diet and  ",289.115,0.096
"lifestyle changes have not been enough to control 
your diabetes or you suffer from conditions such  ",289.211,0.099
"as PCOS and your doctor recommends that you take 
metformin as part of your treatment regimen,  ",289.31,0.094
"hopefully you have a little more confidence 
in using this as a part of your treatment  ",289.404,0.086
"plan. This certainly isn t an all inclusive and 
in-depth discussion of everything that could be  ",289.49,0.096
"told about this medication. That s not what I 
m trying to do here. My purpose in sharing this  ",289.586,0.094
"information is to help give information that you 
can think about and discuss with your own doctor.  ",289.68,0.099
"Please don t take this as direct medical advice. 
Take everything you learned today and discuss it  ",289.779,0.098
"with your doctor in how it applies to your own 
situation. 
If you ve found this information to  ",289.877,0.095
"be helpful do me a favor, go ahead hit that like 
button and share it with your friends and family.  ",289.972,0.099
"And if your health is really important to you 
consider subscribing and hit that notification  ",290.071,0.093
"button so you don t miss out on any of our other 
content. Now don t go anywhere, because if you  ",290.164,0.096
"are looking at ways that you can make that start 
in your diet and lifestyle changes to treat your  ",290.26,0.098
"diabetes click here to watch simple steps you 
can take to start your diet journey. And click  ",290.358,0.093
"here to watch one of my other videos that you 
may like.
So until next time, this is FamilyMed  ",290.451,0.094
"with Dr. Richardson and remember to take care of 
your body because it s the only one you have.",290.545,0.5
