text,start,duration
"I had another question I wanted to answer
it with a quick video they were talking",0.06,5.009
"about having hypoglycemia low blood
sugar and every time they consume",5.069,5.461
"protein they feel a lot better okay so
they wanted to know why protein helps",10.53,5.22
"with hypoglycemia now when I had low
blood sugar issues and by the way what",15.75,6.27
"happens is when the blood sugar comes up
insulin will then push the blood sugar",22.02,4.65
"down and you can end up with lower blood
sugar and people with low blood sugar a",26.67,4.8
"lot of times have a higher amount of
insulin in their body and it's pushing",31.47,4.769
"it down and we don't have those counter
hormones or counter regulatory hormones",36.239,5.101
"to kind of push it back up so you end up
with low blood sugar and the symptoms",41.34,3.6
"are fatigue dizziness irritable nasai
dry eyes depression there's all these",44.94,8.61
"different symptoms
I remember having hypoglycemia really",53.55,3.63
"bad and I'd really dry irritated eyes
then I started consuming protein and I",57.18,5.519
"felt great for years but getting back to
the video some people have this idea",62.699,5.341
"that the fuel that the body uses is
either glucose sugar or fat or ketones",68.04,8.21
"but protein can be used as a fuel
protein can be broken down in the body",76.25,8.61
"into what's called carbon skeletons and
that can actually be converted into",84.86,8.71
"glucose okay and the term is
gluconeogenesis so your body can make",93.57,5.97
"fuel glucose from protein so protein can
act as a fuel in addition to replacing",99.54,6.24
"your protein in your body so it's not
just fat and glucose you can get energy",105.78,6.57
"from protein and this is why when you
consume protein when you have low blood",112.35,4.26
"sugar you actually start feeling better
now if you were to consume a",116.61,3.48
"carbohydrate when you had hypoglycemia
you would feel better for maybe a minute",120.09,5.76
"or two but then the insulin is gonna
kick it back down here now what's unique",125.85,5.01
"about consuming protein is that
yes you are gonna stimulate some insulin",130.86,6.15
"especially if you're consuming a lot of
protein but you're also going to",137.01,3.63
"stimulate at the same time
glucagon glucagon is the opposing",140.64,5.84
"hormone to insulin it's made by the
pancreas as well and glucagon will raise",146.48,5.83
"the blood sugar and insulin will lower
it so it'll create a nice leveling",152.31,5.22
"effect right here when you consume
protein so protein is a glucogenic",157.53,5.25
"precursor so it's actually a building
block that can be turned into glucose if",162.78,5.85
"your body needs to do that now this
video is not just to have people start",168.63,5.01
"consuming a lot of protein I recommend
doing a moderate amount of protein it's",173.64,4.8
"just to help you understand why you're
gonna feel better if you consume protein",178.44,4.41
"if you have hypoglycemia the ultimate
solution for hypoglycemia is to get on a",182.85,5.639
"healthy ketogenic diet do the whole
program and intermittent fasting because",188.489,4.53
"that way you will correct this large
amount of insulin that is really behind",193.019,5.911
"this problem the first place and that's
coming from insulin resistance and once",198.93,5.91
"this is corrected you won't have the
highs and lows anymore so the need to",204.84,4.5
"fix anything related to hypoglycemia is
not there anymore so your blood Sugar's",209.34,5.04
"may even come down to 70 or even 60 but
you don't get those symptoms anymore you",214.38,5.37
"feel very very stable so if you have
hypoglycemia I put several videos on",219.75,5.01
"this page so you can get more data
thanks for watching",224.76,4.49
