text,start,duration,end,dominant_emotion
"What's up dudes and what's up ladies? Bryan here 
and in this video we are gonna discuss blood sugar  ",0.03,7.32,7.3500000000000005,happy
"level. We're gonna discuss what it is, why it's 
important, and some things you can do to keep  ",7.35,5.64,12.989999999999998,happy
"yours in check. Let's roll. So, what is blood sugar 
level? Well, blood sugar level is actually exactly  ",12.99,7.17,20.16,happy
"what it sounds like, it's the amount of sugar, 
or glucose, present in the blood. Our body gets  ",20.16,6.96,27.12,
"glucose from some of the foods we eat. All right, so 
if we look at this little illustration here, what  ",27.12,5.52,32.64,
"we have, is we have the liver, have the pancreas, we 
have blood stream leading from the liver, and one  ",32.64,6.54,39.18,
"leading from the pancreas, to this little blue 
area, which is going to contain cells. Now the  ",39.18,6.75,45.93,
"cells aren't going to be in just one area. This is 
going to be throughout the body, I've just tried to  ",45.93,3.66,49.59,angry
"simplify this for you, to get you to understand the 
concept. And then over here we have a blood glucose,  ",49.59,6.42,56.010000000000005,angry
"blood sugar meter, that we're gonna keep an eye 
on as we go through this. So, after the digestive  ",56.01,6.84,62.849999999999994,angry
"process the liver is going to release glucose into 
the bloodstream, it's going to send it to the cells  ",62.85,4.86,67.71000000000001,
"to be used as energy, now, as glucose is released 
into the bloodstream, blood sugar levels are going  ",67.71,5.97,73.67999999999999,
"to rise, as we can see on our little meter here. 
This triggers the pancreas to release the hormone  ",73.68,5.7,79.38000000000001,
"insulin, insulin is important because it acts like 
a key master, it tells the cells listen, open up,  ",79.38,6.66,86.03999999999999,
"let the glucose in. When this happens blood sugar 
levels are gonna decrease, and this process happens  ",86.04,6.87,92.91000000000001,
"many times throughout the day, after we eat. Normal 
fasting blood sugar level, that's no food for eight  ",92.91,6.45,99.36,
"hours, is gonna be between 70 and 99 milligrams 
per deciliter, and a normal level two hours after  ",99.36,6.54,105.9,
"eating, it's gonna be less than 140 milligrams per 
deciliter. So, why is this important? Well there are  ",105.9,6.15,112.05000000000001,
"three main reasons we need to be aware of our 
blood sugar level. The first reason is that high  ",112.05,5.01,117.06,
"blood sugar levels can lead to type 2 diabetes, 
and 95% of all diabetes cases in the U.S. are  ",117.06,6.48,123.54,
"type 2. Type 2 diabetes is when the body doesn't 
use insulin properly, which is insulin resistance,  ",123.54,5.58,129.12,
"or when the pancreas stops producing enough 
insulin, as you can see by this animation here,  ",129.12,5.34,134.46,
"the bloodstream is just jammed with glucose. Now, 
over time, high blood sugar levels can put a lot  ",134.46,6.39,140.85,
"of stress on the pancreas possibly causing it to 
become permanently damaged. Researchers don't fully  ",140.85,5.88,146.73,
"understand why some people develop type 2 diabetes 
and others don't, however, there are some factors  ",146.73,5.61,152.34,
"that do increase your risk. Being overweight, the 
more fatty tissue you have, the more resistant  ",152.34,6.06,158.4,
"your cells become to insulin, fat distribution, the 
more fat storage in the abdomen area has shown  ",158.4,6.06,164.46,
"to increase risk, and then inactivity, physical 
activity helps you control your weight, it also  ",164.46,6.0,170.46,
"helps you use up glucose as energy, and makes your 
cells more sensitive to insulin. The second reason  ",170.46,6.33,176.79000000000002,
"we need to monitor our blood sugar levels is that 
high levels can also lead to atherosclerosis, which  ",176.79,5.16,181.95,
"is hardening and narrowing of the arteries, 
this can block the arteries, which puts blood  ",181.95,5.67,187.61999999999998,
"flow at risk, which can lead to other problems. The 
third reason is low blood sugar levels. Now, this  ",187.62,6.0,193.62,
"is rare in non diabetics and it can be caused by 
certain medications, excessive alcohol consumption,  ",193.62,6.51,200.13,
"excessive exercise, eating disorders, and from meals 
high in refined carbohydrates. Recommendations, so,  ",200.13,9.24,209.37,
"first and foremost, you're gonna want to have your 
blood sugar level tested from time to time, you can  ",209.37,4.56,213.93,
"discuss that with your doctor, you're gonna want to 
keep yourself at a healthy body weight, you're also  ",213.93,4.56,218.49,
"going to want to make sure that you're keeping 
active, hopefully on a daily basis, and try to limit  ",218.49,5.01,223.5,happy
"the amount of refined or processed foods you're 
consuming, try and incorporate as many Whole Foods  ",223.5,5.04,228.54,happy
"in your diet as you can. Alright folks, if you have any
comments or questions you can leave them below, if  ",228.54,6.12,234.66,happy
"you liked or disliked the video hit the thumbs up 
or the thumbs down. Till next time, I'm out, see ya.",234.66,6.48,241.14,fear
