text,start,duration,end,dominant_emotion
- Hello.,0.55,0.833,1.383,NA
I am Doctor Torrence.,1.383,0.833,2.216,happy
"A Podiatry Fellow at the
University of Michigan.",2.216,2.274,4.49,fear
Two of the goals at Michigan Podiatry,4.49,1.78,6.2700000000000005,sad
are to prevent diabetic foot ulcers,6.27,2.18,8.45,fear
and diabetic foot amputations.,8.45,2.13,10.579999999999998,neutral
I am going to discuss diabetic foot ulcers,10.58,2.19,12.77,angry
and what to do if you develop one.,12.77,2.17,14.94,sad
"Remember everything I share
is only for your information.",14.94,3.54,18.48,sad
Before making any medical decisions,18.48,1.81,20.29,fear
"you should talk to a
healthcare professional first.",20.29,2.74,23.03,sad
"An ulcer or wound is a break
in the skin as seen here.",23.03,4.59,27.62,NA
The main reasons people with diabetics,27.62,1.9,29.52,NA
develop foot ulcers are,30.371,1.029,31.4,NA
"lost of feeling in the foot,",31.4,1.532,32.932,NA
"poor blood flow to the
foot, increase pressure,",32.932,3.668,36.6,NA
or direct injury to the foot.,36.6,2.11,38.71,NA
"Diabetic foot ulcers have
a high risk of infection.",38.71,3.19,41.9,NA
"Especially if you have had
one for a long period of time.",41.9,2.87,44.769999999999996,sad
"The infection can spread
from the wound to the bone.",44.77,3.33,48.1,fear
"There are antibiotics that
can treat bone infection",48.1,2.46,50.56,fear
"however if the infection
destroys to much bone,",50.56,3.32,53.88,sad
"the bone will need too
be removed or amputated",53.88,2.46,56.34,neutral
to promote better healing and provide,56.34,1.93,58.27,happy
a better functioning foot.,58.27,1.5,59.77,happy
If you develop a diabetic foot ulcer,59.77,2.23,62.0,sad
"contact your podiatrist
or healthcare provider",62.0,2.53,64.53,sad
right away so that they can develop,64.53,1.55,66.08,angry
a treatment plan for you.,66.08,1.91,67.99,angry
Your treatment plan will include,67.99,1.39,69.38,fear
"blood work, x-ray or MRI.",69.38,2.6,71.97999999999999,sad
Your provider will also show you,71.98,2.054,74.034,sad
how to dress or cover your wound,74.034,1.176,75.21000000000001,sad
"and how to offload your
wound for better healing.",75.21,3.26,78.47,sad
Offloading means reducing pressure,78.47,1.94,80.41,NA
"and friction to the
wound for better healing.",80.41,2.6,83.00999999999999,NA
"Offloading can be done
through a total contact cast",83.01,3.15,86.16000000000001,NA
as seen here.,86.16,1.36,87.52,NA
Or though a wound healing shoe,87.52,1.46,88.97999999999999,NA
like the one I am holding.,88.98,1.68,90.66000000000001,NA
"The wound healing shoe
has a special insert",90.66,2.05,92.71,NA
that reduces friction and can be modified,92.71,2.49,95.19999999999999,NA
to reduce pressure on your wound.,95.2,2.04,97.24000000000001,NA
Remember a cast and a wound healing shoe,97.24,2.52,99.75999999999999,NA
is only temporary.,99.76,1.4,101.16000000000001,NA
Once your wound is healed,101.16,1.25,102.41,sad
your provider will need to order,102.41,1.34,103.75,angry
diabetic shoes and custom inserts,103.75,2.37,106.12,angry
to prevent another ulcer.,106.12,1.9,108.02000000000001,NA
Some important things to remember,108.02,1.92,109.94,NA
"if your foot is painful, red,",109.94,2.03,111.97,NA
"hot, swollen, has pus and a foul smell",111.97,3.069,115.039,NA
like the wound you see here,115.039,2.531,117.57000000000001,NA
"you should report to an
emergency room immediately",117.57,2.35,119.91999999999999,NA
as you may have a diabetic foot infection.,119.92,2.53,122.45,NA
This is very serious as you may,122.45,1.71,124.16,NA
"need IV antibiotics to
treat your infection.",124.16,2.85,127.00999999999999,NA
Also remember to only clean,127.01,1.65,128.66,fear
"your diabetic foot wound
with soap and water.",128.66,2.4,131.06,fear
Do not soak your foot.,131.06,1.33,132.39000000000001,sad
Do not use bleach or hydrogen peroxide,132.39,2.1,134.48999999999998,sad
to clean your ulcer.,134.49,1.07,135.56,sad
"As it can worsen the ulcer
and the surrounding skin.",135.56,3.28,138.84,fear
Thank you for watching this video.,138.84,1.43,140.27,angry
"I hope you learned about
diabetic foot ulcers",140.27,2.32,142.59,sad
and how to treat them.,142.59,1.42,144.01,sad
Remember Michigan Podiatry is here,144.01,1.76,145.76999999999998,sad
"to help you with all your
diabetic foot concerns.",145.77,2.543,148.31300000000002,sad
