text,start,duration,end,dominant_emotion
"Hey guys, Dr. Axe here, founder of DrAxe.com
and Doctor of Functional Medicine.",6.379,3.841,10.219999999999999,happy
"Today I'm going to be sharing with you my
top foods and supplements for overcoming high",10.22,5.31,15.530000000000001,happy
blood pressure.,15.53,1.37,16.9,happy
"Believe it or not, blood pressure is something
that can be easily balanced out if you follow",16.9,5.24,22.14,happy
"the steps here that I'm going to talk about
in this video.",22.14,2.539,24.679000000000002,fear
"First, let's talk about what causes high blood
pressure.",24.679,4.43,29.108999999999998,happy
"Most of the time when you're reading online
or in the media today, you're going to see",29.109,2.74,31.849000000000004,happy
"things like excess sodium consumption, emotional
stress, poor diet, and lack of exercise.",31.849,7.251,39.1,happy
"Those are four of the big ones that people
say may be causing high blood pressure.",39.1,4.72,43.82,happy
Let's start off talking about diet.,43.82,2.63,46.45,fear
What is the best diet for blood pressure?,46.45,1.66,48.11,fear
"There are three specific nutrients you want
to make sure that you're getting in your diet",48.11,5.19,53.3,happy
if you have high blood pressure.,53.3,1.88,55.18,happy
"Those include potassium, antioxidants, as
well as omega-3 fatty acids.",55.18,5.649,60.829,happy
"In fact, if I had to throw a fourth one in
there I would say magnesium.",60.829,3.451,64.28,happy
"If you can add those four nutrients into your
diet and eat foods that are high in those",64.28,5.1,69.38,fear
"substances, you're going to see your blood
pressure really balance out there very quickly.",69.38,5.36,74.74,fear
"That's going to be a diet that's high in fruits,
vegetables, sprouted nuts and seeds, and organic,",74.74,6.159,80.899,happy
wild-caught meats.,80.899,1.121,82.02,angry
"One of the things you may do after watching
this video is go to my site, DrAxe.com, do",82.02,5.621,87.64099999999999,happy
"a search for potassium rich foods, magnesium
rich foods, and omega-3 rich foods.",87.641,6.109,93.75,happy
"If you go and look at those food lists, you'll
see things like avocados are packed with magnesium",93.75,5.28,99.03,happy
and potassium.,99.03,2.21,101.24,fear
"Doing guacamole would be great for you or
consuming chia seeds or wild-caught salmon",101.24,5.21,106.44999999999999,fear
or other foods like that.,106.45,2.77,109.22,fear
Figs are super high in potassium as well.,109.22,2.819,112.039,happy
"Again, I would go online and look up foods
that are really high in potassium, magnesium,",112.039,5.92,117.959,fear
"omega-3 fatty acids, and antioxidants as well.",117.959,3.55,121.509,happy
"We have actually all of those top ten lists
there on DrAxe.com.",121.509,4.11,125.619,fear
That should be diet.,125.619,1.11,126.729,neutral
"Some things you want to avoid, diet wise,
when you're following a healthy blood pressure",126.729,4.801,131.53,happy
diet is avoid excess sodium intake.,131.53,2.92,134.45,happy
You don't want to overdo the salt.,134.45,1.04,135.48999999999998,angry
"A little bit of sea salt is fine, but definitely
stay away from the processed iodized salt.",135.49,5.46,140.95000000000002,happy
Really eliminating processed sugar.,140.95,3.23,144.17999999999998,happy
"Processed sugar will definitely cause your
blood pressure to spike.",144.18,3.06,147.24,fear
"Then, of course, processed and fast foods
that contain hydrogenated oils, we know those",147.24,5.3,152.54000000000002,happy
are inflammatory to the body.,152.54,2.3,154.84,fear
"That inflammation in the arteries will cause
blood pressure to rise and actually will cause",154.84,4.91,159.75,happy
high cholesterol as well.,159.75,2.05,161.8,fear
"Again, you get those foods out, add in those
mineral and vitamin rich foods, and you're",161.8,5.4,167.20000000000002,fear
"going to see immediate results in your blood
pressure.",167.2,2.94,170.14,happy
"Then in terms of the best supplements to naturally
treat blood pressure, I want to go over the",170.14,4.62,174.76,happy
top ones here.,174.76,1.28,176.04,happy
The first one would be fish oil.,176.04,2.33,178.37,angry
Fish oil is high in omega-3 fatty acids.,178.37,2.87,181.24,angry
"Those omega-3 fatty acids, called EPA and
DHA, are highly anti-inflammatory.",181.24,5.8,187.04000000000002,fear
"We know that high blood pressure is in part
caused by inflammation.",187.04,4.42,191.45999999999998,fear
"If you can start adding in wild-caught fish
into your diet and taking a good quality fish",191.46,5.3,196.76000000000002,fear
"oil supplement at about 1000 milligrams a
day, you will see results very quickly in",196.76,5.14,201.89999999999998,fear
your blood pressure.,201.9,1.0,202.9,fear
"The second most important supplement to take
for blood pressure is magnesium.",202.9,5.46,208.36,happy
"Magnesium helps relax your blood vessel walls
and improves circulation and reduces stress",208.36,6.87,215.23000000000002,happy
in your body.,215.23,1.23,216.45999999999998,fear
"All of those things are benefits of taking
magnesium which will naturally lower blood",216.46,3.89,220.35,happy
pressure.,220.35,1.0,221.35,happy
"Typically, you want to take 250 milligrams
of magnesium 2 times a day.",221.35,5.94,227.29,happy
"I recommend a magnesium chelate supplement
when you take that.",227.29,4.22,231.51,happy
"The third supplement you may want to consider
taking if you have high blood pressure is",231.51,3.45,234.95999999999998,happy
Coenzyme Q10.,234.96,2.08,237.04000000000002,happy
"This is absolutely essential as well if you've
ever taken a cholesterol lowering medication.",237.04,5.48,242.51999999999998,fear
"Coenzyme Q10 is an antioxidant that supports
heart health and circulation.",242.52,5.26,247.78,happy
It also acts as an antioxidant.,247.78,2.8,250.58,happy
"Again, Coenzyme Q10, about 200 milligrams
a day is a great supplement for helping blood",250.58,4.89,255.47,happy
pressure issues.,255.47,1.19,256.66,fear
The fourth supplement would be garlic.,256.66,2.46,259.12,fear
"You can actually eat garlic or take garlic
extract.",259.12,3.199,262.319,happy
"Garlic contains allicin as well as other phyotnutrients
that kill off bad bacteria in your body and",262.319,6.891,269.21000000000004,happy
act as antioxidants to help lower blood pressure.,269.21,3.28,272.48999999999995,happy
You can also use lavender essential oil.,272.49,3.14,275.63,fear
"Lavender oil has been shown to reduce stress
which is one of the major causes of high blood",275.63,5.36,280.99,happy
pressure.,280.99,1.03,282.02,happy
"Typically take about two to four drops of
lavender oil, rub it on your neck, and you",282.02,4.6,286.62,fear
"will see that start to improve your overall
blood pressure as well.",286.62,5.01,291.63,NA
"Last but not least in lowering blood pressure,
I would recommend daily exercise.",291.63,3.96,295.59,NA
"You don't have to exercise every day, but
just 20 to 30 minutes 3 times a week of exercise",295.59,5.09,300.67999999999995,NA
can make a huge difference.,300.68,1.53,302.21,NA
"I recommend checking out interval training
like my BurstFit program as one of the best",302.21,4.92,307.13,NA
ways to get fit fast.,307.13,1.62,308.75,NA
"Also, just in general, any form of exercise,
whether it be weight training, walking, Pilates,",308.75,6.87,315.62,NA
"barre classes, or even group classes, all
of those are effective forms of exercise that",315.62,7.06,322.68,NA
help naturally lower your blood pressure.,322.68,2.4,325.08,NA
"Hey guys, I hope you've enjoyed these top
tips to naturally lower blood pressure.",325.08,3.52,328.59999999999997,NA
"If you want to learn more, hey you can check
out DrAxe.com.",328.6,3.45,332.05,NA
Simply search high blood pressure.,332.05,1.82,333.87,NA
"I've got more articles and tips on there as
well.",333.87,2.19,336.06,NA
"Hey guys, this has been Dr. Axe with my top
healthy blood pressure tips.",336.06,3.329,339.389,NA
