text,start,duration,end,dominant_emotion
"Cyrus: As soon as you employ this process
you start to see that you're able to eat much",0.07,3.829,3.899,happy
"larger
quantities of carbohydrate coming from fresh",3.899,2.031,5.93,happy
"fruits and fresh vegetables for smaller insulin
use.",5.93,4.85,10.78,
"I'll repeat that: more carbohydrate for less
insulin.",10.78,9.47,20.25,happy
We just got back from one of out retreats.,20.25,2.83,23.08,
"We hold these retreats a couple of times per
year.",23.08,2.15,25.229999999999997,
"It's
an opportunity for people with type 1 diabetes,",25.23,2.469,27.699,happy
"type one-and-a-half diabetes, pre-diabetes,
and",27.699,2.31,30.009,
"type 2 diabetes to come together and learn
about the power of low fat plant based whole",30.009,6.001,36.01,
"food
nutrition for significant improvements in",36.01,3.229,39.239,surprise
insulin sensitivity.,39.239,1.031,40.269999999999996,
"We've held multiple of these retreats before
and every single time, we're able to promote",40.27,6.33,46.6,
"a
significant improvement in blood glucose values,",46.6,3.59,50.19,
"a reduction in insulin use, and a reduction
in",50.19,2.88,53.07,fear
insulin sensitizing oral medication.,53.07,2.66,55.730000000000004,
And we do it using the power of food.,55.73,3.46,59.19,
"Now at our latest retreat, we had a total
f 14 people living with diabetes -- 7 of whom",59.19,4.89,64.08,
"were living
with insulin dependant diabetes.",64.08,2.16,66.24,
"Now in this article we're going to go into
detail about the results",66.24,3.89,70.13,
"that each one of these people achieved in
improving their insulin sensitivity in as",70.13,4.22,74.35,
little as 4 days.,74.35,1.81,76.16,
That's right.,76.16,1.0,77.16,surprise
"We arrive on Thursday, we're there all day
Friday, all day Saturday, all day Sunday,",77.16,3.98,81.14,
and you go home on Monday.,81.14,1.78,82.92,
"And you would think to yourself, ""Well, in
4 days how much positive change can you really",82.92,3.79,86.71000000000001,
"get in
improving your insulin sensitivity?",86.71,2.979,89.689,
"Take a look below at the results that each
one of our insulin",89.689,3.47,93.15899999999999,
dependant diabetics achieved.,93.159,2.201,95.36,
"Now, let's go into a bit of detail here in
understanding what is insulin sensitivity.",95.36,4.59,99.95,
"In the world of
low carbohydrate nutrition, you'll be told",99.95,2.989,102.93900000000001,
"over and over and over again in that the only
thing that",102.939,2.661,105.6,
"matters is how much insulin you're using per
day.",105.6,3.699,109.29899999999999,
"That's why all the literature out there is
showing you how to minimize your carbohydrate",109.299,3.591,112.89,
"intake so that you can minimize your insulin
use.",112.89,3.759,116.649,
"In the world of insulin sensitivity, however,
your insulin use is just one variable.",116.649,5.39,122.039,
"The other
variable which you have to take into account",122.039,2.79,124.82900000000001,
is your total carbohydrate consumption.,124.829,2.771,127.6,
"Insulin
sensitivity is defined as your total carbohydrate",127.6,4.65,132.25,
"intake divided by your total insulin use in
a span",132.25,3.6,135.85,
of 24 hours.,135.85,1.67,137.51999999999998,
"And at this Mastering Diabetes Retreat, what
we do is we teach people how to",137.52,3.28,140.8,
"migrate towards a low fat diet because as
soon as you achieve a low fat diet, then the",140.8,5.53,146.33,
"amount
of carbohydrate that you can consume -- that",146.33,3.36,149.69000000000003,
"your body can tolerate, that your digestive
system",149.69,3.2,152.89,
"and muscles and liver can metabolize -- starts
to go up.",152.89,3.77,156.66,
"So that means less fat, more
carbohydrate.",156.66,3.67,160.32999999999998,
"So as soon as you emply this process, you
start to see that you're able to eat much",160.33,3.84,164.17000000000002,
"larger
quantities of carbohydrates coming from fresh",164.17,2.05,166.22,
"fruits and fresh vegetables for smaller insulin
use.",166.22,4.84,171.06,
"I'll repeat that: more carbohydrate for less
insulin.",171.06,4.02,175.08,
"Now out first retreat attendee attended the
retreat eating 150 grams of carbohydrate in",175.08,5.59,180.67000000000002,
"her
previous diet, and she used a total of 88.2",180.67,6.06,186.73,
"units of insulin, which means that her 24
hour insulin",186.73,2.75,189.48,
sensitivity was about 1.7.,189.48,3.88,193.35999999999999,
"During the retreat, we instructed her to increase
her carbohydrate",193.36,3.65,197.01000000000002,
intake while reducing her fat intake.,197.01,2.3,199.31,
"She was able to consume an average of 257
grams of",199.31,3.27,202.58,
"carbohydrate and her insulin use fell to 58.6
units for a 24-hour insulin sensitivity of",202.58,7.95,210.53,
4.4.,210.53,1.94,212.47,
"So you
can see that her change in insulin sensitivity",212.47,3.54,216.01,
over this 4-day period was 258%.,216.01,4.68,220.69,
This is what happened in the first 4 days.,220.69,2.86,223.55,
"Imagine as soon as she returns to her normal
life and",223.55,2.79,226.34,
continues this approach.,226.34,1.58,227.92000000000002,
"Her insulin use is likely to continue falling
and her carbohydrate intake",227.92,4.27,232.19,
"is likely to continue increasing as she controls
her blood glucose with more and more precision.",232.19,6.26,238.45,
"Now out second attendee increased her total
insulin sensitivity by a total of 309%, and",238.45,5.941,244.391,
"she did
this by increasing her carbohydrate intake",244.391,3.249,247.64,
only by about 50 grams per day.,247.64,2.81,250.45,
"But as you can see,
her total insulin use went from 50 units per",250.45,4.31,254.76,
day all the way down to 22 units per day.,254.76,2.75,257.51,
"So what
that means is that she's eating more carbohydrate,",257.51,2.34,259.84999999999997,
"but she cut her insulin use in half in only
a 4-",259.85,4.07,263.92,
day period.,263.92,1.0,264.92,
"And as a result of that her total insulin
sensitivity increased by a total of 309%.",264.92,5.36,270.28000000000003,
"The third person increased her carbohydrate
intake from an average of about 200 grams",270.28,4.41,274.69,
"per
day all the way up to about 300 grams per",274.69,3.31,278.0,
"day, and in this process she also cut her
insulin use",278.0,3.84,281.84,
by 50%.,281.84,2.12,283.96,
"You can see here she started out using a total
of 60 units per day, divided about in half",283.96,4.58,288.53999999999996,
"between basal and bolus, and reduced it all
the way down to 30 units per day.",288.54,6.12,294.66,neutral
"As a result, she
increased her insulin sensitivity by a total",294.66,2.57,297.23,
of 299%.,297.23,3.68,300.91,
"Our next attendee increased her carbohydrate
intake by twofold.",300.91,4.7,305.61,
"In other words, she started to
eat double the amount of carbohydrate that",305.61,3.92,309.53000000000003,neutral
"she ate when she previously came -- 208 grams
versus about 110 grams previously.",309.53,6.18,315.71,neutral
"As a result of that, her insulin use fell
from 43.6 units per",315.71,4.29,320.0,
"day all the way down to 27.6 units per day,
giving her an increase in her total insulin",320.0,6.86,326.86,
"sensitivity
of about 162%.",326.86,4.7,331.56,
"This gentleman increased his carbohydrate
intake from 275 grams per day all the way",331.56,5.38,336.94,happy
"up to 422
grams per day, and in the process he was able",336.94,4.27,341.21,
"to cut about 8 units of insulin off of his
standard",341.21,3.5,344.71,
baseline of 37 units per day.,344.71,2.56,347.27,
"What that means is that his insulin sensitivity
went from a 7.4 all",347.27,4.37,351.64,
"the way to a 14.4, which is a change of about
193%.",351.64,6.11,357.75,
"Our next attendee increased her carbohydrate
intake by about 50%.",357.75,4.99,362.74,
"She went from about 100
grams per day to about 142 grams per day.",362.74,4.23,366.97,
"Now you'll notice here that her insulin use
actually",366.97,2.48,369.45000000000005,
"slightly went up, and the reason for that
is simple.",369.45,3.88,373.33,
"Before she came to the retreat, she was
using only basal insulin - zero bolus units",373.33,5.26,378.59,
per day.,378.59,2.3,380.89,
"In the retreat, we showed her how to
decrease her basal use of insulin.",380.89,5.95,386.84,
"And in the process, she found that she needed
a little bit",386.84,1.92,388.76,
more bolus insulin.,388.76,1.64,390.4,
"So her total insulin use actually climbed
from 18 units per day to about 23",390.4,4.41,394.81,NA
units per day.,394.81,1.34,396.15,NA
"Despite that slight increase in her insulin
usage, her insulin sensitivity still went",396.15,5.46,401.60999999999996,NA
up.,401.61,1.17,402.78000000000003,NA
"So in the first 4 days, she noticed about
111% increase in her insulin sensitivity.",402.78,5.98,408.76,NA
"So you can see in each of these situations
how adopting a low fat whole food plant based",408.76,5.12,413.88,NA
"approach makes significant changes in a very
short period of time.",413.88,4.16,418.04,NA
"Now, each of these
attendees has gone back to their life, has",418.04,4.1,422.14000000000004,NA
"gone back to their daily routine, but done
so by",422.14,3.56,425.7,NA
"changing the food that they are eating and
changing their movement patterns according",425.7,3.93,429.63,NA
"to what
they learned while at the retreat.",429.63,3.31,432.94,NA
"What you're looking at here is just the tip
of the tip of the tip of the iceberg because",432.94,3.97,436.91,NA
"this 4-day
period for a lot of individuals is just a",436.91,2.98,439.89000000000004,NA
"launching point into a brand new lifestyle
that leads to",439.89,3.39,443.28,NA
"improved insulin sensitivity over the course
of time.",443.28,3.15,446.42999999999995,NA
"Now we like to talk about the fact that this
is just biology.",446.43,3.38,449.81,NA
"We understand the biology of diabetes
and insulin resistance better than most people.",449.81,5.14,454.95,NA
"And as a result of that, simply integrating
a low",454.95,2.77,457.71999999999997,NA
"fat plant based whole foods approach, we can
see dramatic differences in a short period",457.72,3.65,461.37,NA
"of time
that then lead to dramatic differences in",461.37,2.59,463.96,NA
the long-term.,463.96,1.62,465.58,NA
"Now whether you're interested in participating
in a coaching program, showing up to one of",465.58,3.93,469.51,NA
"our
retreats, or just doing this on your own,",469.51,2.12,471.63,NA
the world is your oyster.,471.63,1.259,472.889,NA
"Keep in touch with us, let us
know how we can help you, and we hope that",472.889,3.31,476.199,NA
"we can get the same results for you that you
saw",476.199,2.651,478.85,NA
for all the other retreat attendees.,478.85,1.93,480.78000000000003,NA
Thanks for listening.,480.78,0.47,481.25,NA
