text,start,duration,end,dominant_emotion
"Hey guys, in this video we're going to talk
about how to fix hypoglycemia, all right?",0.199,3.421,3.6199999999999997,surprise
"Now, what is hypoglycemia?",3.62,1.989,5.609,fear
"Hypoglycemia is a situation where the blood
sugars go too low.",5.609,3.99,9.599,fear
"Normally in the body you should have blood
sugars of 100.",9.599,3.691,13.29,fear
What does that mean?,13.29,1.469,14.758999999999999,neutral
I'll give you a little comparison.,14.759,1.591,16.35,fear
"If you were to weigh let's say 180 pounds,
you'd have about a gallon and a half of blood",16.35,5.89,22.240000000000002,fear
in your entire body.,22.24,1.35,23.59,NA
"The amount of sugar that would be diluted
in there to equal 100 would be about one teaspoon,",23.59,6.06,29.65,fear
so it's really very small amounts of sugar.,29.65,2.15,31.799999999999997,fear
"And it doesn't mean you have to eat sugar,
your body can make sugar from other types",31.8,5.31,37.11,fear
"of things, like protein, even fat.",37.11,2.04,39.15,neutral
"So it's not that you even have to eat any
sugar at all.",39.15,3.25,42.4,neutral
"But the point is that we need this normal
blood sugar to maintain fuel in the body.",42.4,4.98,47.379999999999995,neutral
"Okay, it should be 100.",47.38,1.2,48.580000000000005,NA
"When it drops down below 70 that's when you
start getting the symptoms of hypoglycemia.",48.58,5.41,53.989999999999995,fear
"Brain fog, cravings for sweets, anxiety, fatigue,
shakiness, weakness.",53.99,6.8,60.79,neutral
"It's kind of like if you have kids, you know,
and let's say you're bringing them grocery",60.79,4.64,65.42999999999999,NA
"shopping with you when they're hungry and
tired.",65.43,2.219,67.649,neutral
"They're going to experience all these, specifically
irritability, right?",67.649,4.201,71.85,neutral
"And that's how low blood sugar ... And they're
just going the go a little crazy on you.",71.85,4.659,76.509,fear
"The point is that when those blood sugars
crash it pushes you out of the present and",76.509,3.912,80.421,fear
"you don't think rationally, and you'll eat
things that you end up regretting.",80.421,4.959,85.38000000000001,fear
"Here's what happens, and this is the problem,
is that the doctors, the medical profession",85.38,6.46,91.83999999999999,fear
"is telling people to keep some candy in their
pocket, or glucose tablets.",91.84,5.689,97.529,fear
"In case your blood sugars run low, go ahead
and take some candy and bring 'em back up.",97.529,4.921,102.45,neutral
And these are even diabetics.,102.45,4.0,106.45,neutral
They're looking at this problem very superficially.,106.45,1.829,108.279,fear
"It's kind of like if you stub your toe, and
well here, just take a pain pill every time",108.279,6.91,115.189,fear
you stub your toe.,115.189,1.27,116.45899999999999,sad
"But like, why don't we just look at why you're
stubbing your toe in the same spot?",116.459,3.881,120.34,neutral
"The why is this: if you're taking medication
and it's spiking it ... insulin too high and",120.34,8.389,128.729,fear
"your blood sugars are coming down too fast,
it could be that you're taking too much medication.",128.729,6.161,134.89000000000001,fear
You just need to lessen the medication.,134.89,1.76,136.64999999999998,neutral
"Rather than try to correct it at the blood
sugar level to add more sugar into the mix",136.65,5.169,141.81900000000002,neutral
"which will create more problem, why not just
take a little less next time to even it out.",141.819,5.37,147.189,neutral
That's one solution.,147.189,1.531,148.72,NA
"Next solution is to get out of the diet what
triggers this in the first place, and I have",148.72,5.739,154.459,fear
"a ton of videos on that, I'll put them down
below.",154.459,1.75,156.209,NA
"You know, the sugars, refined carbohydrates,
and things like that.",156.209,3.76,159.969,NA
"But I want to tell you an equally important
thing.",159.969,2.85,162.819,NA
"It has to do with the opposing hormone to
insulin.",162.819,5.67,168.48899999999998,NA
"Insulin reacts to glucose, and what it does
is it lowers blood sugar.",168.489,7.401,175.89000000000001,fear
"So there's a hormone that does the opposite,
and it's made by the pancreas.",175.89,5.88,181.76999999999998,fear
"Insulin is made by the pancreas, but this
hormone is also made by the pancreas too,",181.77,4.53,186.3,NA
"and this is the missing piece and I'm going
to explain why.",186.3,2.519,188.81900000000002,happy
It's called glucagon.,188.819,3.681,192.5,NA
"Glucagon, okay?",192.5,6.219,198.719,neutral
So that kind of does the opposite of insulin.,198.719,2.291,201.01,NA
"So if insulin lowers blood sugars, glucagon
raises blood sugars.",201.01,7.1,208.10999999999999,neutral
"What it does is it mobilizes and releases
stored sugar from your liver and even the",208.11,7.17,215.28,NA
muscles.,215.28,1.0,216.28,NA
"So you have this thing called glycogen that's
stored sugar, glucagon releases that to keep",216.28,3.819,220.099,NA
the sugars constant.,220.099,1.601,221.7,neutral
"You have this constant thing where your insulin
and glucagon are working together, all right?",221.7,5.86,227.56,fear
So now here's the question.,227.56,2.569,230.129,neutral
"Why don't we just increase glucagon instead
of eating candy?",230.129,5.121,235.25,fear
Why don't we do that?,235.25,2.89,238.14,NA
"Well, because people don't really understand
what triggers glucagon, so I'm teaching you",238.14,3.739,241.879,NA
right now.,241.879,1.341,243.22,NA
"The main food that will trigger glucagon is,
ready for this?",243.22,7.71,250.93,fear
Protein.,250.93,2.649,253.579,fear
"Moderate amount of protein, not a lot.",253.579,1.0,254.579,neutral
"You just need a moderate ... between three
to maybe five ounces of protein.",254.579,5.461,260.04,fear
"Protein will trigger glucagon, and I have
a little story.",260.04,3.35,263.39000000000004,fear
"I had blood sugar issues when I was very young,
and then one day for breakfast, I would normally",263.39,7.39,270.78,NA
"have a carbohydrate breakfast, I decided to
have some protein.",270.78,4.54,275.32,fear
And it was like a switch.,275.32,2.07,277.39,NA
"I instantly like could think again, I was
feeling so much better mentally.",277.39,3.99,281.38,fear
"I was clear, I wasn't all foggy like I used
to be, ant that was because of this situation",281.38,6.3,287.68,NA
right here.,287.68,1.0,288.68,fear
It brought it up normally.,288.68,2.27,290.95,fear
"The point is if you're doing a very low protein
diet, and you're not having protein with each",290.95,4.91,295.86,neutral
"meal ... and I'm not saying have a lot, just
a little bit, especially in the morning if",295.86,4.42,300.28000000000003,fear
"you're going to have breakfast, then you could
be having this hypoglycemic reaction.",300.28,6.27,306.54999999999995,fear
"That's one cause, another one would be you're
eating too much sugar, the third one would",306.55,3.19,309.74,NA
"be you're basically eating ... You're a diabetic
and you're taking medication that's too much,",309.74,5.45,315.19,fear
you need to adjust that.,315.19,3.59,318.78,fear
"Hypoglycemia is very, very easy to correct
if you understand this right here.",318.78,4.59,323.36999999999995,fear
"I put some links down below of the eating
plan for, like, insulin resistance and things",323.37,4.94,328.31,fear
like that.,328.31,1.05,329.36,neutral
"But the point I want to make is instead of
going for that candy in your pocket, protein",329.36,5.03,334.39,NA
"would be the thing you need to do to drive
it up.",334.39,2.71,337.09999999999997,NA
"Then as far as a meal goes, to really correct
this even long-term, you don't want to have",337.1,5.39,342.49,NA
snacks between the meal.,342.49,1.32,343.81,NA
"Now I know hypoglycemics need to eat between
the meals because their blood sugars crash.",343.81,5.03,348.84,NA
"Well a much better thing to do would be to
add a little fat with that meal, so you have",348.84,4.86,353.7,NA
"like a good amount of vegetables, protein
and fat.",353.7,3.38,357.08,NA
"Healthy fats like avocado, or coconut oil,
or even some animal fats if you're ... or",357.08,6.54,363.62,NA
even butter.,363.62,2.03,365.65,NA
"The point is if you do that, that will not
spike insulin, it gets you to go longer, less",365.65,7.03,372.67999999999995,NA
"drops in blood sugars, and if you do that
consistently you can actually heal this whole",372.68,3.91,376.59000000000003,NA
"mechanism and completely not be hypoglycemic
anymore.",376.59,4.31,380.9,NA
"It's also good for hyperglycemia as well,
that's diabetes.",380.9,5.88,386.78,NA
"I wanted to mention this point about protein,
so stop having the candy in the pocket.",386.78,4.15,390.92999999999995,NA
Don't do the glucose tablets.,390.93,2.05,392.98,NA
"They even have these little shakes you can
do of pure sugar.",392.98,3.83,396.81,NA
"You're never going to fix your problem that
way.",396.81,2.98,399.79,NA
"Do the protein, and put your comments below.",399.79,2.27,402.06,NA
Thank you for watching.,402.06,0.479,402.539,NA
