text,start,duration,end,dominant_emotion
Hi I'm Peter Lwin. Welcome to Blood Sugar Magic or BSM. Metformin is the most,0.26,7.24,7.5,surprise
"commonly used medication to help reduce
blood glucose in type 2 diabetes so if",7.5,5.73,13.23,surprise
you've recently been prescribed metformin or you're taking metformin at,13.23,3.18,16.41,surprise
"the moment you may find this series
useful.",16.41,3.07,19.48,
In today's episode I'll talk about how metformin works in the body. The information provided is intended,19.64,7.44,27.080000000000002,
"for Australian audiences only and is
general in nature. It does not a",27.09,4.08,31.17,
"replace advice given to you by your health
care professional. Please read this",31.17,3.659,34.829,surprise
"disclaimer and the following terms and
conditions carefully before proceeding.",34.829,4.91,39.739000000000004,surprise
"Metformin can reduce the blood glucose
in three possible ways. Firstly it can",39.739,5.59,45.32899999999999,surprise
"improve the sensitivity to insulin in
the body. This in turn can reduce the",45.329,4.561,49.89,
"insulin resistance. Insulin resistance is
when the cells in our body do not use",49.89,4.32,54.21,
"insulin properly. These cells include our
muscle, liver and fat cells. Insulin is a",54.21,6.81,61.02,
"hormone which is produced by the
pancreas. Insulin is like a key which",61.02,5.669,66.68900000000001,
"unlocks the cells to allow the glucose
from the bloodstream to enter the cells",66.689,3.75,70.439,
"to be used as fuel.  In insulin resistance
insulin has difficulty fitting into the",70.439,5.941,76.38,
cells. This means more insulin keys are,76.38,2.61,78.99,
"required than usual to open the locks. As
a result in the early stages of insulin",78.99,4.949,83.939,
"resistance, the pancreas produces more
insulin. However eventually it cannot",83.939,6.271,90.21,
"keep up and the glucose remains in the
blood instead of going into the cells.",90.21,5.24,95.44999999999999,
"This results in higher blood glucose
levels.",95.45,4.059,99.509,
Metformin helps the insulin keys fit into the cells more effectively so that glucose,99.509,4.89,104.399,
"can enter the cells more efficiently.
This means there's glucose in the blood.",104.399,5.691,110.09,
"Secondly metformin works on the liver.
When we are fasting, the liver rather",110.09,5.709,115.799,
"than food, becomes our main source of
glucose. When the blood glucose becomes",115.799,4.11,119.909,
"low, the liver produces glucose and
releases it into the bloodstream for our",119.909,4.53,124.43900000000001,
"cells to use. This occurs for instance in
the early hours of the morning.",124.439,5.051,129.48999999999998,
"However in type 2 diabetes, because of
insulin resistance, the liver produces",129.49,5.16,134.65,
"more glucose than the body requires. This
causes a rise in blood glucose levels.",134.65,6.17,140.82,
"Metformin prevents the liver from
producing more glucose than is needed.",140.82,5.37,146.19,surprise
"Metformin can delay the absorption of
glucose from the digestive system into",146.19,4.78,150.97,surprise
"the bloodstream. When we eat, the
carbohydrates and food get broken down",150.97,4.44,155.41,
"into glucose by our digestive system. The
glucose is then absorbed into our",155.41,5.04,160.45,
"bloodstream and taken to cells all over
the body to be used as fuel. After a meal",160.45,5.46,165.91,
"our blood glucose rises. Metformin can
help to slow down the rise of blood glucose",165.91,4.5,170.41,NA
"after meals so that it does not
peak as high or as quickly. Because of",170.41,5.43,175.84,NA
"these three actions metformin helps
reduce the blood glucose levels.",175.84,5.52,181.36,NA
"We hope you can join us for part three, which talks about common side effects and what",181.36,4.44,185.8,NA
"can be done if they occur. Thank you for
watching Blood Sugar Magic BSM",185.8,6.95,192.75,NA
