text,start,duration,end,dominant_emotion
"Hey everybody it's Doctor Jo, and today
I'm going to show you the top five ways",0.03,3.3,3.3299999999999996,fear
"to relieve pain for peripheral
neuropathy and other foot ailments. So",3.33,4.049,7.3790000000000004,fear
let's get started.,7.379,7.111,14.489999999999998,surprise
"One, calf stretches. For the calf stretch,
you can use a strap, a stretching strap,",14.49,6.51,21.0,fear
"you can use a belt, if you have dog you
can use a dog leash, or just a big towel,",21.0,4.47,25.47,NA
"but I like the ones that have the loops
in them because you want to just place",25.47,4.44,29.91,fear
"it it kind of around the ball of your
foot. With a calf stretch, you want your",29.91,4.169,34.079,fear
"leg to be straight so bent like this
isn't going to quite stretch the calf, so",34.079,4.05,38.129,fear
"if you want to do it sitting down you
can. I have a whole bunch of different",38.129,3.211,41.339999999999996,surprise
"ways to stretch it, and you can check
that video out, but just sitting in a",41.34,3.42,44.760000000000005,surprise
"chair bring your leg up so it's straight,
and pull with the strap. So you want your",44.76,5.459,50.218999999999994,surprise
"foot to be relaxed, and then just pull
until you feel a stretch through that",50.219,4.5,54.719,NA
"calf area. You're going to hold that
stretch for about 30 seconds and then",54.719,4.011,58.730000000000004,fear
"relax it. Take just a little quick
10-second break, and then stretch again.",58.73,4.96,63.69,fear
"So you're going to do that a total of
three times for 30 seconds. Number two.",63.69,5.749,69.439,fear
"Far infrared heat. Ohh! The folks at
thermotex partnered up with us, and",69.439,7.061,76.5,fear
"they sent us their platinum thermotex,
and this far infrared heat is super cool",76.5,5.49,81.99,fear
"because what it does is it goes deeper.
It penetrates deeper into the body. So",81.99,5.22,87.21,NA
"usually with a normal heating pad, it
only goes may be 0.25 centimeters this",87.21,5.58,92.78999999999999,NA
"one goes all the way up to 6 centimeters
or 2.36",92.79,3.18,95.97000000000001,NA
"inches. So it goes down deeper in there,
it doesn't dry out the skin, it doesn't",95.97,3.93,99.9,NA
"dehydrate you, and it uses light instead
of heat so this is really really cool.",99.9,4.649,104.549,NA
"And I like the Platinum a lot because
this one is very versatile, you can use",104.549,8.521,113.07000000000001,fear
"it kind of for any part of your body. It
has the three heat plates here, so it",113.07,6.72,119.78999999999999,NA
"really molds around everything. And I
like it for the foot, and especially for",119.79,5.369,125.159,NA
"peripheral neuropathy, diabetic
neuropathy, but you can also use it for",125.159,3.72,128.87900000000002,NA
"plantar fasciitis, hammer toes, fallen
arches, just arthritis",128.879,5.341,134.22,fear
"in general, or even sprains and strains
down here. So you put your foot on the",134.22,4.53,138.75,fear
"middle footplate there, and then you can
just bring this up almost like a ""C""",138.75,4.35,143.1,NA
"around the foot. It doesn't necessarily
have to be super tight because it",143.1,4.02,147.12,NA
"penetrates so deeply that you can just
put it loosely around your foot, and so",147.12,4.02,151.14000000000001,NA
"the Platinum you can see here has a lot
of ways you can use it. If you're",151.14,3.03,154.17,fear
"interested in finding out more about the
Platinum, you can check out my full",154.17,3.69,157.85999999999999,fear
"review of the platinum by clicking the
Box in the top right hand corner, or you",157.86,3.75,161.61,NA
"can check it out in the description
below, there will be a link down there as",161.61,2.94,164.55,NA
"well. Also if you want to be more
specific with the foot, they have a",164.55,6.29,170.84,NA
"little foot covering here which is
really nice, and I like this because not",170.84,5.5,176.34,NA
"only is it cute, but you can stick your
feet in like this and it kind of encases",176.34,6.6,182.94,NA
"the feet, so you can do them both at the
same time. And again you can just have it",182.94,4.41,187.35,NA
"and be working on something or watching
TV, and it is cool because if you have",187.35,5.39,192.73999999999998,NA
"peripheral neuropathy, or some kind of
other nerve issue where you don't really",192.74,3.61,196.35000000000002,NA
"have sensation in your feet, there's a
pad in here that you can add in so it",196.35,5.07,201.42,NA
"doesn't get that heat quite directly on
there since you can't feel it. So you can",201.42,5.76,207.17999999999998,NA
"use it all the time in there if you want
to, but if you want a little bit more",207.18,2.91,210.09,NA
"heat that you can feel, you can take this
out while you're using it. And I have",210.09,4.53,214.62,NA
"some circulation issues in my feet where
my feet are cold all the time, and so I",214.62,5.04,219.66,NA
"like this just to have on my feet to
keep that circulation going especially",219.66,5.19,224.85,NA
"when it's cold outside it makes it
really nice, and if you're interested in",224.85,5.04,229.89,NA
"purchasing the product you can go to
thermotex.com or click in the link",229.89,4.77,234.66,NA
"below in the description.
Number three. Ankle pumps. For ankle pumps,",234.66,5.49,240.15,NA
"you just want to put your foot out. If
you want to prop it up on something you",240.15,3.93,244.08,NA
"can, but make sure that your heel is free
moving so it's not actually on the thing",244.08,5.46,249.54000000000002,NA
"that's propped up, or you can just stick
your foot out like me, and then you're",249.54,3.03,252.57,NA
"just going to pull up and push down, so
just pumping that ankle helps increase",252.57,6.3,258.87,NA
"that circulation to the area and works
those muscles, so just start off with",258.87,4.38,263.25,NA
"about 10 of
these and you can work your way up to 20",263.25,3.27,266.52,NA
"to 25 really pushing down as far as you
can and pulling up. Number four. Heel toe",266.52,6.93,273.45,NA
"raises. For seated heel toe raises, just
place your feet flat on the ground, and",273.45,5.939,279.389,NA
"then come up on your toes, come down and,
then pull your toes up. So pushing up",279.389,7.471,286.86,NA
"this way, and then pulling up this way.
Again just starting off with about ten",286.86,5.52,292.38,NA
"to fifteen of these, and then working
your way up to twenty to twenty-five. If",292.38,4.23,296.61,NA
"they become easy, then you can do them
standing up. Number five. Balance",296.61,6.27,302.88,NA
"exercises. For balancing, make sure when
you start off you have something sturdy",302.88,4.95,307.83,NA
"like a countertop or a sturdy chair. Hold
on and then just stand on one foot. Start",307.83,6.81,314.64,NA
"off like I said making sure that you're
holding on the whole time. Just go ten to",314.64,4.26,318.9,NA
"fifteen seconds. Once you can work your
way up to thirty Seconds to a minute and",318.9,4.829,323.729,NA
"that's easy, then just try holding on
with a finger on each side, and then if",323.729,6.181,329.90999999999997,NA
"that becomes easy, then just one finger,
and then eventually just trying to",329.91,5.1,335.01000000000005,NA
"balance on one foot. Make sure you're
switching sides back and forth so you're",335.01,4.26,339.27,NA
"getting both sides. So there you have it,
those were the top five ways to relieve",339.27,4.26,343.53,NA
"peripheral neuropathy or other foot
ailments. If you're interested in",343.53,3.6,347.13,NA
"purchasing the thermotex, click up here,
and don't forget to subscribe to our",347.13,4.02,351.15,NA
"channel by clicking down here. And
remember, be safe, have fun, and I hope you",351.15,5.04,356.19,NA
feel better soon.,356.19,2.42,358.61,NA
