text,start,duration,end,dominant_emotion
"Transcriber: Emma Gon
Reviewer: Cathrine Ulstrand",0.0,7.0,7.0,
"Hello, my name's Hertling",21.258,1.888,23.146,
and I'm a soldier and,23.146,1.34,24.486,sad
-- you probably could tell that.,24.486,2.49,26.976,
I've been in the military for 38 years.,26.976,2.45,29.426,
I'm thinking of making it a career.,29.426,1.385,30.811,
I have seen -- (Laughter) --,30.811,1.888,32.699,sad
I have seen and studied and analysed,32.699,2.879,35.577999999999996,sad
all types of security threats.,35.578,2.48,38.058,
I've fought in several wars,38.058,1.653,39.711,
"but there's an emerging threat
that we're seeing",39.711,3.368,43.079,
"and I'd like to talk a little bit
about today",43.079,2.374,45.453,
"that I think will have an effect
on our future,",45.453,4.173,49.626000000000005,
"our economy,",49.626,1.81,51.436,sad
our youth,51.436,2.079,53.515,
and our economic system.,53.515,2.59,56.105000000000004,sad
It is an emerging threat,56.105,1.867,57.971999999999994,
that concerns me significantly,57.972,2.706,60.678000000000004,
and it's represented in this picture.,60.678,3.63,64.30799999999999,
"Now you might think,",64.308,1.108,65.41600000000001,
why is a soldier talking about,65.416,1.832,67.24799999999999,
a young man who is obviously inactive,67.248,3.977,71.22500000000001,
and perhaps is a little bit overweight?,71.225,2.514,73.73899999999999,
And it's because of some things I've seen,73.739,2.788,76.527,
in the last several years,76.527,1.917,78.444,
and I'd like to talk a little bit about those today,78.444,2.38,80.824,angry
and related to how I believe,80.824,1.802,82.626,angry
it could be a national security threat,82.626,1.851,84.477,
within the next 20 to 30 years.,84.477,2.493,86.97,
"First of all, in 1983,",86.97,3.343,90.313,
the Army sent me on something,90.313,1.673,91.986,
called a broadening experience.,91.986,1.616,93.602,
I was asked to go graduate school,93.602,2.194,95.796,sad
at Indiana University.,95.796,1.207,97.003,sad
"I had studied as an undergraduate 
in International Relations",97.003,2.779,99.782,sad
"but they said, ""Hey we want you to go",99.782,1.715,101.497,sad
"and get a Master's degree
in Exercise Physiology",101.497,3.794,105.291,
"and then teach PE at West Point.""",105.291,3.045,108.336,
"So I said, ""Okay, sounds like a great idea.",108.336,1.64,109.976,
"It's broadening to be sure.""",109.976,2.052,112.028,
And I went out there -- (Laugther) --,112.028,2.364,114.39200000000001,
I went to Indiana University,114.392,1.522,115.914,
and my first class was an anatomy class,115.914,2.776,118.69,
and I had an anatomy lab.,118.69,1.601,120.291,
I walked into the classroom,120.291,1.656,121.947,
and they issued me a cadaver.,121.947,2.677,124.62400000000001,
As they did everyone else in the class.,124.624,1.88,126.50399999999999,
"And the cadaver I had,
came with a medical history",126.504,3.677,130.181,
"The professor told us,
""In order to respect",130.181,2.548,132.729,
"the people who have given
their bodies to science",132.729,2.662,135.39100000000002,
"we'd ask you to respect them,
too, and you perhaps",135.391,2.334,137.725,
wanna name them to remind yourself,137.725,2.48,140.20499999999998,
that they were once a person,140.205,1.045,141.25,
"although we don't wanna give you
their real name.""",141.25,1.715,142.965,
So I named mine Charlie.,142.965,2.024,144.989,
Charlie had a medical history.,144.989,1.217,146.20600000000002,
He had been a two-pack-a-day smoker.,146.206,3.043,149.249,sad
Charlie had not exercised in the last 20 years.,149.299,3.986,153.285,
Charlie was extremely overweight,153.285,2.51,155.795,
and Charlie had died of a cardiovascular disease,155.795,3.845,159.64,
and he was 46 years old.,159.64,2.913,162.553,
"When we pulled him up and we began,",162.553,1.473,164.026,
the various students in the room began,164.026,1.715,165.741,
our disection of these bodies,165.741,1.716,167.45700000000002,
I had a lot of a tougher time,167.457,1.97,169.427,
than some of the other students,169.427,1.561,170.988,
because I had to cut through,170.988,1.51,172.498,
several layers of adipose.,172.498,1.746,174.244,
When I got to the internal body cavities,174.244,1.579,175.823,
it was amazing to me,175.823,1.417,177.24,
comparing Charlie's organs,177.24,1.758,178.99800000000002,
"to some of the organs of 
the other students in the class.",178.998,2.452,181.45,
The heart was surrounded by fat,181.45,2.888,184.338,
several inches.,184.338,0.982,185.32,
"One of the tricks our instructors taught us was,",185.32,2.617,187.93699999999998,
"you know, we had to through these labs",187.937,2.177,190.114,
where we had to name what vein was which,190.114,2.005,192.119,sad
"and what artery was which,",192.119,1.962,194.081,
"and the professor said, ""If you pull",194.081,2.319,196.39999999999998,
"on an artery, it's like a rubber band.",196.4,1.643,198.043,sad
"If you pull on a vein, it's like 
a guitar string and it'll twang.""",198.043,2.701,200.744,sad
When I pulled on Charlie's arteries and veins,200.744,2.058,202.802,
they broke off into my hand.,202.802,2.929,205.731,
So I finished grad school,206.607,2.241,208.848,
and went to teach at West Point for 3 years,208.848,1.637,210.485,
from '83 to '86,210.485,1.544,212.02900000000002,
and then after that assignment,212.029,1.502,213.531,
I went back to the operational Army,213.531,1.522,215.053,
and did things that all soldiers do:,215.053,2.246,217.299,
"commanded organizations,",217.3,1.317,218.61700000000002,
"trained, went into combat several times,",218.617,2.414,221.03099999999998,
and then coming out of combat,221.031,1.706,222.737,
as a Division Commander in 2009,222.737,3.756,226.493,
the Army decided they wanted to promote me,226.493,2.481,228.974,
to three-star General,228.974,1.185,230.159,
I think because they wanted to prove,230.159,1.584,231.743,sad
they have a sense of humor.,231.743,1.472,233.215,
They then sent me to be the Commander of,233.215,2.894,236.109,
Initial Military Training.,236.109,2.343,238.452,
"My job was to train
the 160,000 or so soldiers",238.452,4.577,243.029,
"or correction: civilians,",243.029,1.947,244.976,
that would come into the Army every year,244.976,1.565,246.541,sad
and turn them into soldiers.,246.541,2.478,249.019,
What I found when I reported to that assignment,249.019,3.585,252.604,
disturbed me.,252.604,1.579,254.18300000000002,
Several facts came to my attention.,254.183,1.801,255.98399999999998,
"First of all, 75% or more",255.984,4.36,260.344,
a little bit more actually,260.344,1.197,261.541,
of the civilians who wanted to join the Army,261.541,3.441,264.98199999999997,
were not qualified to do so.,264.982,2.91,267.89200000000005,
"75% of the 17-24 year olds 
who wanted to join the Army",267.892,3.992,271.884,
were not qualified,271.884,1.381,273.265,
and the number one reason,273.265,1.017,274.282,angry
was because they were obese.,274.282,2.234,276.51599999999996,sad
Of the 25% that could join the Army,276.516,2.48,278.99600000000004,
what we found on the first day of basic training,278.996,2.335,281.33099999999996,
was that about 60% of them,281.331,2.93,284.261,
could not pass the PT test,284.261,3.11,287.37100000000004,
that we gave on the first day.,287.371,1.686,289.05699999999996,
"And that was: 
one minute of push-ups,",289.057,2.052,291.10900000000004,
"one minute of sit-ups and
a one-mile run.",291.109,2.542,293.65099999999995,
"Now, that's not a difficult test.",293.654,2.038,295.692,
But we were finding that,295.692,1.254,296.946,sad
a great majority of our new soldiers,296.946,2.307,299.25300000000004,
"coming off the civilian environment,",299.253,1.967,301.21999999999997,
could not pass that test.,301.22,2.648,303.86800000000005,sad
I couldn't understand what had happened.,303.868,1.776,305.644,sad
This was not what I had left,305.644,2.382,308.026,sad
studying physical education in 1986.,308.026,4.341,312.367,sad
As we did some analyses,312.367,1.367,313.73400000000004,sad
I realized that a couple of things had changed.,313.734,3.323,317.05699999999996,
"First of all, number one
and the primary reason was",317.057,3.74,320.797,
starting in the late '90s,320.797,1.23,322.02700000000004,
"the majority of our elementary
and high schools",322.027,2.169,324.19599999999997,
"stopped teaching PE,",324.196,3.076,327.27200000000005,
"and in fact, only five states",327.272,2.199,329.471,
of the 50 of our country right now,329.471,2.689,332.16,
"have mandatory requirements
for physical education",332.16,2.528,334.68800000000005,
between K and 12th grade today.,334.688,3.059,337.747,
Five out of 50.,337.747,2.273,340.02000000000004,
"Now, you say,
""Okay, well that's interesting,",340.02,2.253,342.27299999999997,
"but what does the Army care about that?""",342.273,2.468,344.74100000000004,
"Well, we're getting the product of that",344.741,1.933,346.674,sad
but in addition to second and third order effects,346.674,2.204,348.878,
were young people that were joining our service,348.878,2.215,351.09299999999996,
"could not run, dodge, jump, tumble, roll",351.093,2.757,353.85,
the kinds of things you expect soldiers to do,353.85,2.98,356.83000000000004,
if they're in combat.,356.83,1.409,358.239,
The second thing we found,358.239,2.146,360.385,
or that I found or realized was,360.385,1.991,362.376,
that our diet had changed radically,362.376,2.884,365.26,
in the last 15 years.,365.26,1.905,367.16499999999996,
We were supersizing everything.,367.165,2.72,369.88500000000005,
"Having been stationed overseas in Germany,",369.885,1.745,371.63,
"that's not the case there,",371.63,1.433,373.063,
but they were supersizing --,373.063,1.502,374.565,
if you want a large fries,374.565,0.98,375.545,
"you can get extra large
and extra-extra large.",375.545,2.288,377.833,
"You couldn't just get a 16 oz drink,",377.833,1.478,379.31100000000004,
"you could get a 24, 42, 64 oz soda.",379.311,3.582,382.893,
And that was having a deleterious effect.,382.893,3.021,385.914,
It was fascinating to me,385.914,1.764,387.678,
"that we were also seeing,",387.678,2.333,390.011,
"a scientist told me,",390.011,1.695,391.706,
that in the last 15 years,391.706,1.535,393.24100000000004,
from the time I left West Point until today,393.241,2.354,395.59499999999997,
Americans eat about 30% more calories a day,395.595,3.37,398.96500000000003,sad
than they had in 1983,398.965,1.538,400.503,
and about 15 lbs more of sugar a year.,400.503,4.013,404.51599999999996,
Phenomenal statistics.,404.516,1.823,406.339,sad
"But the combination
of a lack of physical education",406.339,3.041,409.38,
and an increase of poor nutrition,409.38,3.458,412.838,
was causing secondary effects.,412.838,2.249,415.08700000000005,
"This is the ""O"" food group, by the way.",415.087,2.508,417.59499999999997,
"I started calling it the ""O"" food group",417.595,3.238,420.833,
"because anything that ends in an ""O""",420.833,1.923,422.75600000000003,
is probably not good for you.,422.756,2.767,425.52299999999997,
(Laugther),425.523,4.415,429.93800000000005,
"I haven't found anything
that ended in ""O"" yet",429.967,2.923,432.89,
that was actually very nutritious in nature.,432.89,3.591,436.481,
But what we started to do was,436.481,1.749,438.23,
we saw some second and third order effects,438.23,1.614,439.844,
and this is one of them,439.844,1.847,441.691,
this is at one of our training bases,441.691,2.17,443.861,
and we have five in the United States Army.,443.861,2.489,446.34999999999997,
We were seeing a malady called,446.35,2.094,448.444,
"femoral neck stress injuries,",448.444,3.3,451.744,
and what that means is that,451.744,1.175,452.91900000000004,
the tip of the pelvis would crack,452.919,3.122,456.041,
and it wouldn't be a clean break,456.041,1.85,457.891,
but it would be a stress fracture,457.891,1.755,459.646,
that would cause significant problems,459.646,1.585,461.231,
"and you can see starting in 2000
that we were beginning to see this",461.231,4.264,465.495,
"and this is because the people 
we were recruiting were just coming of age",465.495,3.889,469.384,
and many of them had not had PE,469.384,2.294,471.678,
and they had started to have the bad nutrition.,471.678,2.41,474.088,
But by 2009 when our new recruits,474.088,2.959,477.047,
were 18 or 19 years old,477.047,1.612,478.65900000000005,
they had gone through their entire life,478.659,2.231,480.89,
"without having a PE class
and dependent on bad nutrition.",480.902,3.191,484.09299999999996,
Those 135 that we had at one training base,484.093,3.847,487.94,
are significant injuries because,487.94,1.58,489.52,
in order to fix it,489.52,1.649,491.169,
"it costs anywhere between 
USD 100,000 and USD 300,000.",491.169,4.658,495.827,
So this is an economic issue.,495.827,1.626,497.453,
This isn't just a soldier health issue.,497.453,1.642,499.09499999999997,
For me this was an economic issue.,499.095,3.997,503.09200000000004,
"The third reason, and I'll say this",504.0,1.819,505.819,
then move quickly on.,505.819,1.534,507.353,
The third reason we saw,507.353,0.963,508.31600000000003,sad
was an increase in technology.,508.316,1.936,510.25199999999995,sad
"Now, I'm a big fan of technology,",510.252,1.429,511.681,
but the researchers had told me,511.681,1.941,513.622,
that we now watch as a nation,513.622,1.643,515.265,sad
about 150 hours of television a month.,515.265,3.238,518.503,
That's five hours a day.,518.503,1.962,520.465,
"In 2009, when we started this study",520.465,2.368,522.8330000000001,sad
"we were seeing anywhere
from 30 to 40 on average",522.833,3.436,526.269,sad
hours of internet searches,526.269,2.625,528.894,
by adult male Americans per month.,528.894,4.681,533.575,
That's between one and two hours a day.,533.575,2.725,536.3000000000001,
Gaming was off the charts.,536.3,1.417,537.717,
"In 2009, and it's increased since then",537.717,2.483,540.1999999999999,
the average teenager was playing,540.2,1.913,542.113,
thirteen hours of video games per week.,542.113,3.407,545.5200000000001,sad
Now all those hours in front of a tube,545.52,2.926,548.446,
were replacing the play time,548.446,1.78,550.226,
and that's significant.,550.226,2.568,552.794,
"In addition to that,",552.794,1.182,553.976,
"the final one, number four:",553.976,2.745,556.721,
We're terrible examples to our children.,556.721,2.941,559.662,
We're in too much of a rush.,559.662,1.819,561.481,
We're eating poorly,561.481,1.449,562.93,
we're eating fast foods,562.93,1.919,564.8489999999999,
"we're relaxing in front of the television
at the end of the day.",564.849,2.816,567.6650000000001,
We also are relying on technology,567.667,2.32,569.9870000000001,
instead of play,569.987,1.214,571.201,sad
and we're not balancing our lives.,571.201,2.318,573.519,
My wife has a stitchery in our house,573.519,1.657,575.176,
as we've raised two children,575.176,2.673,577.849,
and now a couple of grandchildren,577.849,1.422,579.2710000000001,
"that says, ""Your children are watching you.""",579.271,3.056,582.327,
"What you do speaks louder
than anything you can say.",582.327,3.367,585.694,
"We were not doing the right things
for our children.",585.694,3.991,589.685,sad
So in typical army fashion,589.685,2.064,591.7489999999999,
"I said, ""We've got to address 
these issues with our new recruits.""",591.749,2.91,594.659,
And we changed several things.,594.659,1.732,596.391,
We began something we called,596.391,1.897,598.288,
the Soldier Athlete Initiative,598.288,1.997,600.285,
"because you can't just say
to a bunch of 18 year olds,",600.285,2.069,602.3539999999999,
"""We're going to get you all in shape",602.354,1.288,603.642,
"and stop feeding you cheeseburgers.""",603.642,1.98,605.6220000000001,
You have to give kind of a sexy title,605.622,2.377,607.9989999999999,
to it so we called it,607.999,1.316,609.315,
Soldier Athlete Initiative.,609.315,3.083,612.398,
"If you're going to perform on the battle field,",612.398,1.512,613.91,
you have got to train like a champion.,613.91,2.601,616.511,
"And what we did was,
we completely changed",616.511,1.962,618.473,
"well, it's a three-legged stool",618.477,1.528,620.005,
"we completely changed the way
we were training",620.005,2.332,622.337,
"to compensate for things
that were not going on",622.337,2.579,624.9159999999999,
in grade school and high school.,624.916,2.102,627.018,
We assigned physical terapists,627.018,2.432,629.45,
"and athletic trainers
to every organization",629.45,3.049,632.499,
"because we wanted
to prevent the injuries",632.499,1.743,634.2420000000001,
and treat them before they turned into,634.242,1.715,635.957,
"those USD 100,000 bone stress fractures.",635.957,4.504,640.461,
"We wanted to fix them
as they became visible.",640.461,3.72,644.181,
"And then the third thing
and probably the most important was",644.181,2.656,646.837,
"we changed the way
we feed food in the mess halls",646.837,3.07,649.907,
the dining facilities.,649.907,1.253,651.1600000000001,
"We called it ""Fueling the Soldier.""",651.16,1.771,652.9309999999999,
"You can't just say,
""Hey, have a salad.""",652.931,2.216,655.147,
We instead say -- (Laugther) --,655.147,3.457,658.604,
you've got to advertise with soldiers,658.604,1.931,660.5350000000001,
"so we said,
""Hey, we're going to fuel you",660.535,2.065,662.6,
"for maximum performance.""",662.6,1.553,664.153,
This is what sports teams are doing.,664.153,2.899,667.052,
"This is what NFL, major league baseball",667.052,1.934,668.986,sad
they know they've got to eat right,668.986,1.542,670.528,sad
in order to perform at their maximum.,670.528,3.134,673.662,
"Okay, I'm not going to dwell...",673.662,1.69,675.3520000000001,
"Within the first year, we saw",675.352,2.379,677.731,
some unbelievably strong statistics,677.731,2.866,680.597,
that shows this was working:,680.597,1.424,682.021,
"reduction in injuries,",682.021,1.599,683.62,
we saved about USD 30 million the first year,683.62,3.061,686.681,
just in treatment of injuries.,686.681,1.665,688.346,
30 million in the army.,688.346,2.572,690.918,
Just on injury prevention,690.918,2.068,692.986,sad
And we began to see weight loss,692.986,2.34,695.326,
"and improved... or we reduced
the number of",695.326,3.222,698.548,
overweight soldiers we have in the Army.,698.548,1.656,700.204,
We still have a way to go.,700.204,1.394,701.598,
"We've advanced this ""Fueling the Soldier""",701.598,1.706,703.304,sad
"to ""Fueling the Teams""",703.304,1.981,705.285,
and in fact we've redirected,705.285,1.318,706.603,
to the Department of Defense Schools,706.603,1.404,708.007,
"for our young people
and we're calling it",708.007,2.066,710.073,
"""Fueling the future.""",710.073,2.951,713.024,
"So we fixed it!
Or we're on our way to fix it.",713.039,3.068,716.107,
What's interesting about this,716.107,1.607,717.7139999999999,happy
"is your Army combined with your Navy,
your Marine Corps",717.714,5.073,722.787,
you Air Force and your Coast Guard,722.787,1.623,724.4100000000001,sad
"makes up less than 1%
of the American population.",724.41,5.456,729.866,sad
So my concern is:,729.866,2.187,732.053,
What's going on with the other 99%?,732.053,4.098,736.151,
And this gets me back to my issue of this,736.151,2.365,738.516,sad
being a national security concern.,738.516,2.651,741.1669999999999,sad
I'm going to show you,741.167,1.698,742.865,
one area and that's just levels of obesity.,742.865,1.983,744.848,
This was a chart that represents,744.848,2.598,747.4459999999999,fear
the number of states in the Union,747.446,1.551,748.9970000000001,fear
that were below 20% obesity rates,748.997,4.179,753.1759999999999,fear
on average from a child of 14 to 19 years old.,753.176,3.997,757.173,fear
This was in 1985.,757.173,2.242,759.415,sad
Watch what happens.,759.415,2.232,761.6469999999999,sad
As you can see,775.357,1.737,777.0939999999999,
"in 2009, it's significantly worse.",777.094,4.508,781.6020000000001,
The predictions for 2030,781.602,3.821,785.423,sad
are these:,785.423,1.761,787.184,
You can see the number of states,788.461,1.702,790.163,
that have greater than 65% children obese.,790.163,4.204,794.367,
"This is not overweight, this is obese.",794.367,3.618,797.985,
"Now, the related issues",797.985,1.291,799.2760000000001,
that I told you the issue with our injury rates,799.276,1.653,800.929,
and how much we were paying to fix people,800.929,2.113,803.042,
is significant.,803.042,1.699,804.741,
We spend estimated,804.741,1.471,806.212,
the Department of Health and Education,806.212,1.942,808.154,
both determined that we spend,808.154,1.992,810.146,
"on average today between 
USD 150 to USD 200 billion per year",810.146,6.154,816.3,
treating the results of childhood obesity.,816.3,3.902,820.202,
We're seeing an increase in diabetes.,820.202,2.249,822.451,
We estimate that we will have,822.451,1.39,823.841,
"a 40% cardiovascular disease rate
by the year 2030.",823.841,4.362,828.203,
This is significant.,828.203,1.532,829.735,sad
This is a health care issue.,829.735,3.171,832.9060000000001,sad
An economic issue.,832.906,1.556,834.462,
A readiness issue for me because,834.462,2.129,836.591,
I've seen my pool of recruits deplete,836.591,2.572,839.163,
based on this.,839.163,1.4,840.563,
I can't pull them in in order to fix them.,840.563,2.603,843.1659999999999,
And it's just a competition issue.,843.166,2.847,846.013,
"There's other studies
that show what obesity",846.013,2.375,848.388,
and lack of activity do to young people.,848.388,2.969,851.3570000000001,
So I believe this is certainly,851.357,2.975,854.332,sad
a national security concern.,854.332,2.533,856.865,sad
"There are several organizations
who are attempting to approach this.",856.865,3.094,859.9590000000001,
"You may have heard of
Mayor Bloomberg in New York",859.964,3.155,863.119,
who has banned all sugary drinks,863.119,2.508,865.6270000000001,sad
"above 16 oz in schools and public restaurants
in New York City",865.627,4.019,869.646,
and he took a lot of heat for that.,869.646,2.516,872.1619999999999,
"Nike, Blue Cross Blue Shield and Subway",872.162,4.297,876.4590000000001,
are all using overweight actors in their adds,876.459,2.56,879.0189999999999,
to pattern behavior,879.019,2.174,881.193,
and perhaps to turn this thing around.,881.193,2.088,883.281,
"Nickelodeon in last year's
Worldwide Day of Play",883.281,2.755,886.036,
decided to put their screens black,886.036,2.162,888.198,
as opposed to showing programming,888.198,2.187,890.385,
in order to get children outside and play.,890.385,2.041,892.426,
And of course our First Lady,892.426,1.134,893.5600000000001,
over the last several years,893.56,1.772,895.332,
"has been attempting to do ""Let's Move!""",895.332,2.617,897.949,sad
and the counter obesity measures.,897.949,2.317,900.266,
This concerns me.,900.266,2.255,902.521,sad
This concerns me greatly.,902.521,1.643,904.164,sad
Again as I said,904.164,2.361,906.525,sad
"my name is Hertling,
I am a soldier.",906.525,2.441,908.966,
I've been a soldier for 38 years.,909.196,2.391,911.587,sad
This is not something the Army can fix.,912.326,3.517,915.8430000000001,
"This is not something you can put
a yellow ribbon on",915.843,2.087,917.93,
"and say, ""Let somebody else take care of it"".",917.93,2.975,920.905,
This is not something,920.905,1.355,922.26,angry
that we can rely on governments,922.26,1.846,924.106,angry
or organizations to do.,924.106,2.039,926.145,angry
Be fearless in terms of writing your schools.,926.145,2.548,928.693,angry
Be fearless in trying to get nutrition,928.693,2.389,931.082,sad
back in restaurants.,931.082,1.496,932.578,angry
Be fearless in balancing your lives,932.578,2.512,935.0899999999999,sad
and getting out to exercise.,935.09,1.771,936.861,sad
Be fearless in modelling your behavior,936.861,2.183,939.044,sad
for young people.,939.044,2.365,941.409,sad
That will prevent,942.256,1.473,943.7289999999999,sad
a whole lot of Charlies in the future.,943.729,2.786,946.515,sad
Thank you very much.,946.515,1.297,947.812,
(Applause),947.812,2.229,950.041,
