text,start,duration,end,dominant_emotion
"Hey guys, Dr. Axe here.",3.26,1.47,4.7299999999999995,happy
"A question I got recently from a patient was,
""Is cranberry juice good for you?""",4.73,5.0,9.73,happy
"And my answer is, the benefits of cranberry
juice can be absolutely amazing if you're",9.73,5.5,15.23,happy
buying the right type of cranberry juice.,15.23,2.01,17.240000000000002,happy
"In this video, I'm going to talk to you about
the many benefits of cranberry juice and what",17.24,3.96,21.2,happy
"type of cranberry juice you should take and
what type you should absolutely stay away",21.2,4.64,25.84,happy
from.,25.84,1.0,26.84,happy
"So let's start talking about the many benefits
of cranberry juice.",26.84,3.61,30.45,happy
"So cranberry juice, the reason it's so beneficial
is, cranberries on the Orac Score Chart, which",30.45,5.51,35.96,happy
"is the antioxidant ranking, they score nearly
10,000.",35.96,3.809,39.769,happy
"That's five times more antioxidants than spinach
and five times more than most other fruit.",39.769,5.081,44.85,happy
"So first off, you can see that it is loaded
with antioxidants.",44.85,4.939,49.789,fear
"One of those phyto-nutrients in cranberries
is called anthocyanin, and it has anti-microbial",49.789,6.53,56.319,happy
properties.,56.319,1.0,57.319,fear
"So one of the things that you can use cranberry
juice in treating is urinary tract infections.",57.319,5.72,63.039,fear
"So again, if you have a UTI, cranberry juice
has many benefits.",63.039,4.651,67.69,fear
It is a great natural treatment.,67.69,2.15,69.84,fear
"In fact, when I have patients who have UTIs,
I have them get off all sugar and just take",69.84,6.87,76.71000000000001,fear
"a cranberry extract or cranberry juice, along
with vegetables for several days.",76.71,6.08,82.78999999999999,happy
"And it completely helps eliminate those UTI
infections, so again, one of the main benefits",82.79,5.3,88.09,happy
there.,88.09,1.0,89.09,fear
"Also one of the many benefits of cranberries
is because of the antioxidants, it's a powerful",89.09,3.96,93.05,fear
cancer-fighter.,93.05,1.48,94.53,surprise
"And we know that most berries, including blueberries
and cranberries both, because of those antioxidants,",94.53,5.31,99.84,fear
can help fight cancer.,99.84,1.61,101.45,fear
"Another great benefit of cranberry is that
they really specifically support the kidneys",101.45,4.55,106.0,fear
and the bladder.,106.0,1.0,107.0,angry
"And in Chinese medicine, the kidneys are there,
along with the adrenal glands, to help your",107.0,5.98,112.98,happy
body better deal with stress.,112.98,2.16,115.14,happy
"So if you're under emotional stress on a regular
basis, whether it's relational stress, workplace",115.14,6.42,121.56,happy
"stress, or something else going on in your
life to where you know you're stressed out,",121.56,5.86,127.42,surprise
"cranberry juice specifically is fantastic
for helping your body deal with stress because",127.42,4.679,132.099,happy
it improves circulation.,132.099,2.25,134.349,happy
"And again, your kidneys are part of your body
that help deal with stress.",134.349,2.881,137.23,happy
"And so again, if you tend to be a dramatic
person or, again, engaged in any type of stress,",137.23,5.78,143.01,happy
"drinking cranberry juice on a regular basis
can help combat those issues.",143.01,4.539,147.54899999999998,happy
"Also, cranberry juice is fantastic for your
liver.",147.549,2.761,150.31,happy
"When you taste that sourness of that cranberry
juice, that's nourishing to your liver, so",150.31,5.52,155.83,happy
"it supports detoxification, another great
benefit there of cranberry juice.",155.83,5.01,160.84,happy
"As I mentioned earlier, the question I get
all the time, ""Is cranberry juice good for",160.84,5.599,166.439,happy
"you?""",166.439,1.0,167.439,happy
"Well, it depends.",167.439,1.151,168.59,disgust
"Here's the cranberry juice you want to stay
away from.",168.59,2.19,170.78,happy
"If there is any added sugar, and that goes
for dried cranberries or cranberry juice both,",170.78,6.049,176.829,happy
"but if there's any added sugar, stay away
from it.",176.829,3.451,180.28,happy
"The type of cranberry juice you want is, ideally
you'd buy the cranberries whole and juice",180.28,3.999,184.279,happy
them yourself.,184.279,1.011,185.29,disgust
"If not, just straight cranberry juice and
ideally unpasteurized or low-temperature pressed.",185.29,6.959,192.249,fear
"But again, cranberry juice has tremendous
health benefits.",192.249,3.75,195.999,disgust
"It can be used to cleanse your urinary tract,
cleanse your kidney, support your adrenal",195.999,5.33,201.329,angry
"glands, support your liver.",201.329,1.781,203.11,NA
"You can see it is one of the world's healthiest
foods, but again, you want to stay away from",203.11,5.18,208.29000000000002,NA
any with added sugar.,208.29,1.8,210.09,NA
"I have actually several great cranberry recipes
on my website.",210.09,4.89,214.98,NA
"If you simply go to DrAxe.com, you're going
to find several cranberry recipes on there.",214.98,6.94,221.92,NA
"I know it's popular during Thanksgiving, but
hey, you can use it year-round to take your",221.92,4.08,226.0,NA
health to the next level.,226.0,1.4,227.4,NA
"Hey, guys.",227.4,1.0,228.4,NA
"This has been Dr. Axe talking about ""Is cranberry
juice good for you?""",228.4,15.789,244.189,NA
